image_width: 320
image_height: 240
camera_name: narrow_stereo/left
camera_matrix:
  rows: 3
  cols: 3
  data: [291.8804 ,   0.     , 174.86104,
           0.     , 292.12692, 129.99459,
           0.     ,   0.     ,   1.     ]
distortion_model: plumb_bob
distortion_coefficients:
  rows: 1
  cols: 5
  data: [0.112714, -0.118324, -0.000294, 0.002067, 0.000000]
rectification_matrix:
  rows: 3
  cols: 3
  data: [ 0.99979632, -0.00613992,  0.01922572,
          0.00597155,  0.99994342,  0.00880306,
         -0.01927868, -0.00868646,  0.99977641]
projection_matrix:
  rows: 3
  cols: 4
  data: [305.80511,   0.     , 169.92961,   0.     ,
           0.     , 305.80511, 128.67885,   0.     ,
           0.     ,   0.     ,   1.     ,   0.     ]
