# oST version 5.0 parameters


[image]

width
320

height
240

[narrow_stereo/left]

camera matrix
292.158777 0.000000 177.489257
0.000000 292.016613 132.012405
0.000000 0.000000 1.000000

distortion
0.091158 -0.087419 0.000590 0.002647 0.000000

rectification
0.993546 0.101803 -0.050021
-0.101151 0.994752 0.015417
0.051328 -0.010258 0.998629

projection
363.618950 0.000000 199.420586 0.000000
0.000000 363.618950 126.440008 0.000000
0.000000 0.000000 1.000000 0.000000

# oST version 5.0 parameters


[image]

width
320

height
240

[narrow_stereo/right]

camera matrix
291.291600 0.000000 170.632972
0.000000 290.866140 126.974581
0.000000 0.000000 1.000000

distortion
0.125738 -0.195143 -0.002233 0.000350 0.000000

rectification
0.992793 0.091146 -0.077804
-0.092141 0.995703 -0.009284
0.076624 0.016386 0.996925

projection
363.618950 0.000000 199.420586 -50.261293
0.000000 363.618950 126.440008 0.000000
0.000000 0.000000 1.000000 0.000000

