image_width: 320
image_height: 240
camera_name: narrow_stereo/right
camera_matrix:
  rows: 3
  cols: 3
  data: [290.04109,   0.     , 168.87726,
           0.     , 290.30102, 127.75079,
           0.     ,   0.     ,   1.     ]
distortion_model: plumb_bob
distortion_coefficients:
  rows: 1
  cols: 5
  data: [0.121595, -0.169408, -0.000493, 0.000885, 0.000000]
rectification_matrix:
  rows: 3
  cols: 3
  data: [ 0.9999443 , -0.00685871, -0.00802271,
          0.00678829,  0.99993848, -0.00877255,
          0.00808239,  0.00871761,  0.99992934]
projection_matrix:
  rows: 3
  cols: 4
  data: [305.80511,   0.     , 169.92961, -18.60282,
           0.     , 305.80511, 128.67885,   0.     ,
           0.     ,   0.     ,   1.     ,   0.     ]
